%YAML:1.0
description: ":@"
samples:
   - !!opencv-matrix
      rows: 198
      cols: 1
      dt: d
      data: [ -1.9732674713716992e+01, -1.8758746222564714e+01,
          -1.7425580346557215e+01, -1.6092354126349207e+01,
          -1.4407581376936902e+01, -1.1679218595564011e+01,
          -8.0145002585701484e+00, -3.6006791101005104e+00,
          1.4820342980562367e+00, 6.6745298670967275e+00,
          1.0686920827912981e+01, 1.3686311424318832e+01,
          1.5738585585859761e+01, 1.6961127446028406e+01,
          1.7708584012237967e+01, 1.8244223789619532e+01,
          1.8293761492920055e+01, -1.6920630657288470e+01,
          -1.4209268854106204e+01, -1.1132546260791786e+01,
          -8.0613881974612571e+00, -5.0985199479099688e+00,
          2.9785161426816549e+00, 5.5215508614626394e+00,
          8.2578573785537515e+00, 1.1116241389278164e+01,
          1.3867070234057490e+01, -4.1270607255959024e-01,
          -2.4945953599927628e-01, -1.0111619214591600e-01,
          4.1715390755014833e-02, -2.9217667884162903e+00,
          -1.2543505448397547e+00, 5.4194233552988269e-01,
          2.2180974101989039e+00, 3.6922941252797923e+00,
          -1.3055305087206376e+01, -1.0867446098506329e+01,
          -8.1427355587795400e+00, -6.0739867079147052e+00,
          -8.4442232167400171e+00, -1.0910664968608501e+01,
          4.7534721332323286e+00, 6.5035991588164030e+00,
          9.1225938775619451e+00, 1.1368526281966059e+01,
          9.4127269500313258e+00, 7.0390908537826782e+00,
          -4.8163191700326164e+00, -3.3831588517374138e+00,
          -1.6125711603452442e+00, 4.8805474821146233e-01,
          2.5679835734760825e+00, 4.4296261484391914e+00,
          5.9197266880318926e+00, 4.6130187899295079e+00,
          2.8801150569934197e+00, 8.3683767493238626e-01,
          -1.2735541348304673e+00, -3.1916655374492651e+00,
          -1.2969240477985293e+00, 6.4182537235749937e-01,
          2.6064654400270864e+00, 2.4871705509386599e+00,
          6.8739613336627758e-01, -1.1231340783862960e+00,
          -4.9808837445372554e+00, 4.3542792461599306e-01,
          5.8111114525533001e+00, 1.0746236118223218e+01,
          1.4748027827962330e+01, 1.8010070753707030e+01,
          2.0656588459342192e+01, 2.2336045770580402e+01,
          2.2061599208766555e+01, 2.1339546260064328e+01,
          1.8575221631247189e+01, 1.4981992204335999e+01,
          1.1111886926582674e+01, 7.0538002535775144e+00,
          2.3910671417807512e+00, -2.6643769291900501e+00,
          -7.7000320938270406e+00, -1.5805801008036525e+01,
          -1.7617341709227723e+01, -1.8320825537451697e+01,
          -1.8300523803216169e+01, -1.7736484977699934e+01,
          -1.7863437056401192e+01, -1.8652155204753079e+01,
          -1.9012433272761470e+01, -1.8880970144072588e+01,
          -1.7733989003091082e+01, -1.2765030582810917e+01,
          -9.3117779373480136e+00, -5.9067585223694339e+00,
          -2.4777458210490484e+00, 2.5712868827752926e+00,
          3.0405601946734144e+00, 3.0913244653212386e+00,
          2.8863039227777367e+00, 2.2695908029301219e+00,
          -1.1948846829116826e+01, -1.3560098284777336e+01,
          -1.3549919918274794e+01, -1.1647152792022442e+01,
          -1.1115142741165638e+01, -1.1018847196743419e+01,
          -1.2124678341774969e+01, -1.4101004860936468e+01,
          -1.4445577016723227e+01, -1.3033130972786966e+01,
          -1.1918918522023054e+01, -1.1799340440868306e+01,
          1.0569440955006161e+01, 8.4853866629691055e+00,
          6.8100630251892440e+00, 6.6830015393471598e+00,
          6.6440139648575229e+00, 8.1561129606265368e+00,
          1.0199324926681856e+01, 1.1390160401744797e+01,
          1.2117626016372228e+01, 1.2196183670415213e+01,
          1.2264224000090996e+01, 1.1662430871548553e+01,
          9.3053691298686143e+00, 8.7553577795089090e+00,
          9.1968405367747685e+00, 9.1941824719551555e+00,
          8.9439287849909341e+00, 9.3020319528998368e+00,
          2.1392974155693288e+01, 2.0743239555267394e+01,
          2.0274716668652971e+01, 1.8538652729270858e+01,
          1.3479889931665072e+01, 8.1104529535064209e+00,
          3.3131506600082310e+00, -1.0468797708376418e+00,
          -4.2466205600410412e+00, -6.9873290095742768e-01,
          3.6305924892742407e+00, 8.4160803470684513e+00,
          1.3707878903830462e+01, 1.8439920694205238e+01,
          2.0145371577160812e+01, 2.0398667382901994e+01,
          2.0979627243674464e+01, 1.7898870008134454e-01,
          -1.3956376184603847e+00, -2.7050977890927079e+00,
          -4.0687904790470499e+00, -5.4197095754693336e+00,
          -5.5517719432650994e+00, -4.1054270148637970e+00,
          -2.6636700498745163e+00, -1.2680783289780768e+00,
          2.7331495668367189e-01, -4.7931219878027793e+00,
          -7.7201553415142126e+00, -1.0781993466855008e+01,
          -1.3549832107609634e+01, -6.9539876035341921e+00,
          -7.5005296111273685e+00, -7.8731965765450660e+00,
          -7.3049814572365204e+00, -6.6571341182456854e+00,
          -5.1969187404513717e-01, -7.9794669333708912e-01,
          -1.0267262006893676e+00, -9.4888816261912112e-01,
          -1.0996460723279344e+00, -9.4007299242479858e-01,
          -1.0672163954363827e+00, -9.2784339927611248e-01,
          -6.6769705297569049e-01, -4.0075894655204441e-01,
          -8.8535619861659454e-01, -1.1325938402241504e+00,
          -2.8185216661958576e+00, -5.1928061926498117e+00,
          -6.8910478079783113e+00, -8.7451477758750915e+00,
          -6.5990373910259548e+00, -4.8923553537129827e+00,
          -2.6338437897528331e+00, -3.8126094924136136e+00,
          -4.8918049192769075e+00, -6.2789311206897089e+00,
          -5.1738387167721616e+00, -4.0883181229533276e+00,
          -5.3126089654572528e+00, -7.5069606747163462e+00,
          -4.9087959192700774e+00, -4.3639008858591444e+00,
          -6.4435010209383687e+00, -4.7495903492633396e+00 ]
   - !!opencv-matrix
      rows: 198
      cols: 1
      dt: d
      data: [ -1.9764200102237222e+01, -1.8790061678434800e+01,
          -1.7458984783371861e+01, -1.6128074957727076e+01,
          -1.4442244945207513e+01, -1.1705547189503852e+01,
          -8.0336988867986712e+00, -3.6175516254691522e+00,
          1.4613334593255158e+00, 6.6576627146369152e+00,
          1.0673189679797643e+01, 1.3681416194864076e+01,
          1.5754584542975998e+01, 1.6997309711785054e+01,
          1.7752462420174030e+01, 1.8289114410525347e+01,
          1.8338915405359643e+01, -1.6961281332707042e+01,
          -1.4231825981668532e+01, -1.1138323653947747e+01,
          -8.0544895317094305e+00, -5.0803443551585650e+00,
          2.9852196948478968e+00, 5.5390902494259455e+00,
          8.2866747919283306e+00, 1.1156954346915281e+01,
          1.3914747133455611e+01, -4.1032220360981819e-01,
          -2.4946501712449898e-01, -1.0379533392220550e-01,
          3.6402451648312642e-02, -2.9441441749740047e+00,
          -1.2641955472484114e+00, 5.4532881977442293e-01,
          2.2305090811122832e+00, 3.7119993789228722e+00,
          -1.3076907732047690e+01, -1.0881098401952276e+01,
          -8.1453476021167273e+00, -6.0671696851896062e+00,
          -8.4473586157538794e+00, -1.0922496620755377e+01,
          4.7297118216346146e+00, 6.4853348019543207e+00,
          9.1129572532233549e+00, 1.1365939135745109e+01,
          9.4029402605346935e+00, 7.0225812955940832e+00,
          -4.8871177972821052e+00, -3.4166510227751505e+00,
          -1.6191747700051289e+00, 4.9538095340338562e-01,
          2.5878239819266038e+00, 4.4721893417107275e+00,
          5.9935966321781287e+00, 4.6737520403804691e+00,
          2.9150900576639285e+00, 8.4658949647456316e-01,
          -1.2895084561848524e+00, -3.2391589397432607e+00,
          -1.3153545778418141e+00, 6.5263741239635542e-01,
          2.6437317947438115e+00, 2.5286996528605932e+00,
          6.9608145574009406e-01, -1.1472383440637928e+00,
