%YAML:1.0
description: ";)"
samples:
   - !!opencv-matrix
      rows: 198
      cols: 1
      dt: d
      data: [ -1.9802304900859824e+01, -1.8834527946139573e+01,
          -1.7501471285039340e+01, -1.6051413242341326e+01,
          -1.4201827659921706e+01, -1.1503864512343345e+01,
          -7.9664593091167246e+00, -3.6057811712440606e+00,
          1.4878264038598774e+00, 6.5995627514586817e+00,
          1.0626576508742376e+01, 1.3669575037935461e+01,
          1.5808938579761543e+01, 1.7091546243365549e+01,
          1.7874131599393831e+01, 1.8410390918498219e+01,
          1.8497088071822922e+01, -1.7041055049716299e+01,
          -1.4825214963592009e+01, -1.1772581303285010e+01,
          -8.4452163591856682e+00, -5.1619966202794982e+00,
          2.8590793438452780e+00, 5.6798928644399886e+00,
          8.6906581992159779e+00, 1.1674537207874248e+01,
          1.4239217024931413e+01, -5.2348381591580795e-01,
          -2.6613438589351929e-01, -1.1392744595858761e-02,
          2.2957225313358159e-01, -2.9729581876223232e+00,
          -1.2881494319527853e+00, 5.3538195491649176e-01,
          2.2653423230826841e+00, 3.7947634879074119e+00,
          -1.2373262475510160e+01, -1.0391112709014923e+01,
          -7.8469651686657302e+00, -5.7317066656835234e+00,
          -7.9162892141646131e+00, -1.0232443623244357e+01,
          4.5080181574500999e+00, 6.3733388595823515e+00,
          8.9004731251928604e+00, 1.1062369735675547e+01,
          9.0604521535272262e+00, 6.7517353169160819e+00,
          -5.8176869406720719e+00, -4.1018503563114557e+00,
          -1.9762883371472695e+00, 4.3380722897719282e-01,
          2.7863694548499987e+00, 4.9535601518004508e+00,
          6.7187399237678012e+00, 5.2341820185561119e+00,
          3.2078863617799196e+00, 6.9067581529753652e-01,
          -1.8585447465988887e+00, -4.0564441697785689e+00,
          -1.8907823872771825e+00, 5.2008883786846249e-01,
          2.8753305416755266e+00, 2.9449218374632480e+00,
          5.7962529030696586e-01, -1.8616263695520725e+00,
          -5.2728393048442044e+00, -7.7249152700975321e-02,
          5.0801472412530506e+00, 9.9644248115323553e+00,
          1.4225323951159572e+01, 1.7968075060119428e+01,
          2.1191615455171718e+01, 2.3385467818433920e+01,
          2.3558895746322673e+01, 2.2619837166023625e+01,
          1.9705583578330959e+01, 1.5899149239597810e+01,
          1.1719852815657621e+01, 7.2503496640406500e+00,
          2.3076951477783432e+00, -2.8714720067455466e+00,
          -8.0483755085313753e+00, -1.3980705559239246e+01,
          -1.6587077978843151e+01, -1.8049925693926792e+01,
          -1.8409891434657233e+01, -1.8014183706786309e+01,
          -1.8554678951854306e+01, -1.9444367883676005e+01,
          -1.9672221246457031e+01, -1.9060205909087841e+01,
          -1.7345950460022259e+01, -1.3012635780270163e+01,
          -9.5038024547303070e+00, -6.0201669589678888e+00,
          -2.5176311638928310e+00, 2.1482689815762543e+00,
          2.6981383675515538e+00, 2.8008087370343100e+00,
          2.4911042743356573e+00, 1.7523246847961946e+00,
          -1.0493853658561498e+01, -1.2052940338876136e+01,
          -1.2212846742107844e+01, -1.0854233577572911e+01,
          -1.0159466019319890e+01, -9.9070817580095270e+00,
          -1.1604350807478809e+01, -1.3249854553285552e+01,
          -1.3508484787425051e+01, -1.2231164088539835e+01,
          -1.1302766721216969e+01, -1.1213811423981218e+01,
          9.2804898292558260e+00, 7.4087087400193852e+00,
          6.0441572573226798e+00, 5.9594957401996993e+00,
          5.7850919111893777e+00, 6.9364424592335654e+00,
          8.6758445765904888e+00, 1.0442121546947993e+01,
          1.1688763318271532e+01, 1.2047342386425221e+01,
          1.1927050925817156e+01, 1.0881055057970766e+01,
          8.2096928705460392e+00, 7.8248579289589522e+00,
          7.9872090614830054e+00, 8.9669752470783415e+00,
          9.1921834330114223e+00, 9.2098157406029575e+00,
          2.1290397827363051e+01, 2.0659857645575496e+01,
          2.0250857650618485e+01, 1.8613448609830403e+01,
          1.3585267405369390e+01, 8.1450513030509413e+00,
          3.4031281334099841e+00, -8.2673439707190133e-01,
          -4.3544489825551755e+00, -7.8988338207506636e-01,
          3.4248495028711967e+00, 8.2129754280461942e+00,
          1.3698081620398675e+01, 1.8589227505224347e+01,
          2.0279767897101600e+01, 2.0687715502033463e+01,
          2.1320069485793873e+01, 2.0353887706189699e-01,
          -1.6408591545614553e+00, -2.9362325245645247e+00,
          -4.2051576169965825e+00, -5.4143329718430300e+00,
          -5.3640794595509691e+00, -4.0475787725470802e+00,
          -2.6847633975102183e+00, -1.2941142589157910e+00,
          4.2805544275252905e-01, -4.7801655798980986e+00,
          -7.8050195936716733e+00, -1.0810074078009476e+01,
          -1.3492368004914992e+01, -6.9474926284278986e+00,
          -7.4607178378948156e+00, -7.8718679718463509e+00,
          -7.3529160546160570e+00, -6.7455030752454341e+00,
          -6.8403151842302801e-01, -1.0763308552028996e+00,
          -1.3629524593207072e+00, -1.1640529126685886e+00,
          -1.2044790224829278e+00, -1.0490027552950838e+00,
          -1.0033141528726144e+00, -1.1264489142899448e+00,
          -8.6606702628042875e-01, -5.4065445735602369e-01,
          -8.9860359762081954e-01, -1.0639312399552603e+00,
          -2.5476363264897426e+00, -4.9391092749907317e+00,
          -6.6577197143016411e+00, -8.4567492419726378e+00,
          -6.5951573543898476e+00, -4.8387159869678742e+00,
          -2.4575236569286067e+00, -3.8481679263322395e+00,
          -5.1057070784329399e+00, -6.5140902756262200e+00,
          -5.1437495575283414e+00, -3.8485219472834022e+00,
          -5.1672397623380348e+00, -7.4613042649904999e+00,
          -4.9749298768726966e+00, -4.4102006985651032e+00,
          -6.4231215110377162e+00, -4.5383584408060074e+00 ]
   - !!opencv-matrix
      rows: 198
      cols: 1
      dt: d
      data: [ -1.9586801249643649e+01, -1.8733961118018865e+01,
          -1.7466303747569874e+01, -1.5967192382078627e+01,
          -1.3994133643375108e+01, -1.1249648184538529e+01,
          -7.7294048978966803e+00, -3.3778035864758134e+00,
          1.7193164776717054e+00, 6.7101085463441850e+00,
          1.0647109500229011e+01, 1.3643741753714245e+01,
          1.5737692178886533e+01, 1.6930941829498742e+01,
          1.7677762575537564e+01, 1.8231595688938594e+01,
          1.8390088041865628e+01, -1.6708374694247663e+01,
          -1.4559448178058071e+01, -1.1669337475933848e+01,
          -8.5760652380769287e+00, -5.5563024480469760e+00,
          3.0047014271676433e+00, 6.0137905400784941e+00,
          9.1921969855434043e+00, 1.2299547706300404e+01,
          1.4794374893000022e+01, -1.0202221474243629e+00,
          -7.5363030195963887e-01, -4.8086092607303055e-01,
          -2.0484415178319942e-01, -3.1482285156129777e+00,
          -1.5929113540245943e+00, 6.5230177069626055e-02,
          1.7550383304879960e+00, 3.2771438890869624e+00,
          -1.2430167892739012e+01, -1.0489008293096925e+01,
          -7.8623761042736913e+00, -5.7537903904868966e+00,
          -7.9183223454494058e+00, -1.0276907813652004e+01,
          4.2994978556450274e+00, 6.1870944737037101e+00,
          8.8235397649393352e+00, 1.1016250310127997e+01,
          8.9829876205485508e+00, 6.5958115864028235e+00,
          -5.1668595160914137e+00, -3.6914132118791230e+00,
          -1.8106866502236962e+00, 4.1654044467020618e-01,
          2.6525236596390522e+00, 4.7342642719677599e+00,
          6.4983806504596542e+00, 5.0521333190641720e+00,
          3.1377846869572621e+00, 8.0682592272953513e-01,
          -1.5256433588802749e+00, -3.5715154262363646e+00,
          -1.5184060853170618e+00, 5.4392440883091719e-01,
          2.6390023829591276e+00, 2.6368327716011803e+00,
          5.7130096943271225e-01, -1.4896874162478178e+00,
