%YAML:1.0
description: ":)"
samples:
   - !!opencv-matrix
      rows: 198
      cols: 1
      dt: d
      data: [ -1.8739602450714322e+01, -1.7912539658896165e+01,
          -1.6800162067315078e+01, -1.5582588570612678e+01,
          -1.3910512278768390e+01, -1.1322145517501880e+01,
          -7.8546611764311880e+00, -3.5569441095592338e+00,
          1.5266360986443113e+00, 6.5261786934231445e+00,
          1.0422711825702800e+01, 1.3383785186504133e+01,
          1.5465725405661493e+01, 1.6607867143062812e+01,
          1.7189813629304968e+01, 1.7591274379860309e+01,
          1.7678206679267561e+01, -1.6315071988316422e+01,
          -1.4137376849004756e+01, -1.1355397392468264e+01,
          -8.4006211147560421e+00, -5.5080539852983499e+00,
          2.6045338954271848e+00, 5.3783195066701763e+00,
          8.3358950985579785e+00, 1.1275765462680909e+01,
          1.3813991369773865e+01, -8.8396848933847605e-01,
          -6.1281342845237274e-01, -3.4544235812899082e-01,
          -7.6710191916618861e-02, -3.4076660045263898e+00,
          -1.6337935633109248e+00, 2.5017485557297997e-01,
          2.0886303958003132e+00, 3.7618737943208922e+00,
          -1.2576704166611055e+01, -1.0577431499660344e+01,
          -8.0022472648176262e+00, -5.9045510991592467e+00,
          -8.1146566856611599e+00, -1.0427303374350082e+01,
          4.3118719514118924e+00, 6.1662345901558719e+00,
          8.7192933182189059e+00, 1.0938318750028602e+01,
          8.9102998710732280e+00, 6.5894263161662350e+00,
          -7.4377174552944298e+00, -5.2147972942654626e+00,
          -2.4410921691133671e+00, 5.5655207801494522e-01,
          3.5218334991602336e+00, 6.4135981326185743e+00,
          8.8536675370660927e+00, 7.2485894106472291e+00,
          4.6394255575911503e+00, 1.1376283369137334e+00,
          -2.4451786038178844e+00, -5.3756063576281994e+00,
          -3.1892150192454860e+00, 6.8283149667626375e-01,
          4.5403663605234668e+00, 4.9762485000170198e+00,
          9.4941042014010646e-01, -3.1895744346999053e+00,
          -5.7184204383681037e+00, -5.3761549369852624e-01,
          4.6121512474775530e+00, 9.5503686068534996e+00,
          1.4023713840132181e+01, 1.8030064090013994e+01,
          2.1495507048976272e+01, 2.3996494728474371e+01,
          2.4402770819808062e+01, 2.3363365734190126e+01,
          2.0276195482318542e+01, 1.6373250930749535e+01,
          1.2089216903669932e+01, 7.4619134857552947e+00,
          2.4278331454197115e+00, -2.8118675300355012e+00,
          -8.0524998761407094e+00, -1.4482347301157684e+01,
          -1.6549767153167434e+01, -1.7638654023266387e+01,
          -1.7918539684264701e+01, -1.7530243989555149e+01,
          -1.8019234234724600e+01, -1.8902107899528712e+01,
          -1.9129822409539070e+01, -1.8577319403293767e+01,
          -1.6964996182897153e+01, -1.2686266346315476e+01,
          -9.1480559073677874e+00, -5.6420027856545705e+00,
          -2.1306127294036301e+00, 1.3220307797302038e+00,
          1.8313293081390425e+00, 1.9250536898247499e+00,
          1.5557715363663904e+00, 7.7958804817703609e-01,
          -1.0485881035576538e+01, -1.2079007338633637e+01,
          -1.2195862238575028e+01, -1.0780498680007099e+01,
          -1.0170387846490964e+01, -9.9428410106239067e+00,
          -1.1544746926976712e+01, -1.3259784316441893e+01,
          -1.3536855792476425e+01, -1.2279692988576958e+01,
          -1.1399221033149514e+01, -1.1277447278599757e+01,
          8.4347622771713056e+00, 6.5378485775860522e+00,
          5.3541262145750315e+00, 5.1543813680176136e+00,
          4.9175693222269725e+00, 5.6749155635408837e+00,
          7.2198602197118316e+00, 1.0300490998239255e+01,
          1.2641171149175744e+01, 1.3448243280041462e+01,
          1.3154404523847612e+01, 1.1243380609553354e+01,
          7.3141828811799137e+00, 6.8252567636984267e+00,
          6.7444249475295486e+00, 9.7881965202391310e+00,
          1.0728141601020647e+01, 1.0394756323042852e+01,
          2.1270503020525769e+01, 2.0666365533069040e+01,
          2.0212916370253843e+01, 1.8404976056587454e+01,
          1.3733352098937488e+01, 8.2028240863105033e+00,
          3.1519480242451712e+00, -9.6076537832868414e-01,
          -4.4485796857797562e+00, -9.9319004728699001e-01,
          3.2137293889998739e+00, 8.2847853246135763e+00,
          1.3843067684884685e+01, 1.8530662241088137e+01,
          2.0450645450918721e+01, 2.0949869646810711e+01,
          2.1477750403954339e+01, 2.2412499493454396e-01,
          -1.5007215336299380e+00, -2.9163217405010364e+00,
          -4.2719475167008465e+00, -5.5278361729069729e+00,
          -5.4886169510916085e+00, -4.1616633647395140e+00,
          -2.7500158078046999e+00, -1.2838944081356622e+00,
          4.1771601920267287e-01, -4.8900977236643932e+00,
          -7.8038905171424435e+00, -1.0781478645302904e+01,
          -1.3544608725205418e+01, -6.7223283091879917e+00,
          -7.4102867855355408e+00, -7.9638026226852743e+00,
          -7.4139668659250288e+00, -6.7709706080094625e+00,
          -6.1928711636509859e-01, -9.7872763499042859e-01,
          -1.4021907351880838e+00, -1.2326031326091642e+00,
          -1.1715804832045709e+00, -1.0311989892617983e+00,
          -1.1469022891215161e+00, -1.3285621837800401e+00,
          -8.3810592921541149e-01, -4.0257997145272040e-01,
          -8.6125350354571562e-01, -1.0247883600866246e+00,
          -2.4749207824555777e+00, -4.7418640700792256e+00,
          -6.5042766861395975e+00, -8.4072232202237966e+00,
          -6.4377863487689471e+00, -4.6477737537488748e+00,
          -2.3774807673205975e+00, -4.0075707022085769e+00,
          -5.1819084290703366e+00, -6.5525107625066736e+00,
          -5.2059100402486163e+00, -4.0020050584687334e+00,
          -5.0499277431615051e+00, -7.6915176361631090e+00,
          -5.0446374714658395e+00, -4.4102886816768487e+00,
          -6.2560761267561444e+00, -4.3986859890435399e+00 ]
   - !!opencv-matrix
      rows: 198
      cols: 1
      dt: d
      data: [ -1.8745960058781087e+01, -1.7923170559773290e+01,
          -1.6816065475741240e+01, -1.5602468796212325e+01,
          -1.3929847893662842e+01, -1.1335319212256168e+01,
          -7.8605288336043913e+00, -3.5540937190449120e+00,
          1.5360580534877062e+00, 6.5463059347763162e+00,
          1.0463094261522285e+01, 1.3435332069164062e+01,
          1.5511756266299319e+01, 1.6629917091673708e+01,
          1.7194109724306806e+01, 1.7586694431545745e+01,
          1.7669146815317745e+01, -1.6297950787322755e+01,
          -1.4127097454905710e+01, -1.1364919275432586e+01,
          -8.4350666470757307e+00, -5.5678269477844413e+00,
          2.6557259454358721e+00, 5.4248006164646370e+00,
          8.3740311225978488e+00, 1.1303659101814997e+01,
          1.3831188698911136e+01, -8.9382468667668291e-01,
          -6.1713340131618344e-01, -3.4460639332285359e-01,
          -7.0879118630004512e-02, -3.4231935246443896e+00,
          -1.6428674933135106e+00, 2.4735251396806762e-01,
          2.0935305585724175e+00, 3.7745754158692328e+00,
          -1.2584819372334080e+01, -1.0588383317975351e+01,
          -8.0243344475947822e+00, -5.9312145028721526e+00,
          -8.1354392640227449e+00, -1.0440501940706969e+01,
          4.3217522912281137e+00, 6.1772627558583082e+00,
          8.7208336846346874e+00, 1.0935672224610643e+01,
          8.9084906051266479e+00, 6.5941546011557612e+00,
          -7.4470812452753092e+00, -5.2301225224787338e+00,
          -2.4509024415136209e+00, 5.5167922256649859e-01,
          3.5231459066679305e+00, 6.4230125182632012e+00,
          8.8642279574037328e+00, 7.2442635880804307e+00,
          4.6275974842963601e+00, 1.1284557077161215e+00,
          -2.4499576356578268e+00, -5.3803908591178855e+00,
          -3.2061618781055854e+00, 6.7539210784083159e-01,
          4.5432344936790496e+00, 4.9771802971427741e+00,
          9.4032457713877848e-01, -3.2069961965649187e+00,
