%YAML:1.0
description: ":O"
samples:
   - !!opencv-matrix
      rows: 198
      cols: 1
      dt: d
      data: [ -1.7482953054686082e+01, -1.6848506794396009e+01,
          -1.5873672867554607e+01, -1.4643877535627229e+01,
          -1.3056345226069885e+01, -1.0780418319060551e+01,
          -7.5709698592199057e+00, -3.4048871278871582e+00,
          1.7663113805312485e+00, 6.7830541124815591e+00,
          1.0466831423123601e+01, 1.3086168360122937e+01,
          1.4734952532563590e+01, 1.5658213319426107e+01,
          1.6173228053992119e+01, 1.6403292227563224e+01,
          1.6291171660264077e+01, -1.4800377506030788e+01,
          -1.2991924641843061e+01, -1.0576882222749649e+01,
          -7.9632694121262029e+00, -5.4025902133354311e+00,
          2.4013992059044051e+00, 4.8943168099359635e+00,
          7.5532331995179760e+00, 1.0161027378828107e+01,
          1.2334621649731750e+01, -1.0060891441886328e+00,
          -7.5511233254023835e-01, -5.0378494313195621e-01,
          -2.4900531903990225e-01, -2.7808327085226980e+00,
          -1.3927591078632284e+00, 5.9782326502476696e-02,
          1.5153825932796829e+00, 2.8684383994565374e+00,
          -1.1436792663178608e+01, -9.7441847634779553e+00,
          -7.5479438108882260e+00, -5.7344577889531587e+00,
          -7.5709840008324454e+00, -9.5907439588647740e+00,
          4.0329189312002622e+00, 5.6924857895845982e+00,
          7.8988341535704683e+00, 9.7865002554276632e+00,
          8.0321314148726692e+00, 5.9822695308850466e+00,
          -4.7151143900650752e+00, -3.7263303187282113e+00,
          -1.9496313778240109e+00, 5.0715520744865983e-01,
          2.9723074559800038e+00, 5.0136557034902376e+00,
          6.3500802331651069e+00, 5.6356902987391235e+00,
          4.0175236990314582e+00, 1.2251248032841811e+00,
          -1.6564067216097380e+00, -3.5984643520600939e+00,
          -1.9363140417724303e+00, 6.4434795642794040e-01,
          3.2868703781635675e+00, 3.6275403398226542e+00,
          1.0000202800761786e+00, -1.7604234727025212e+00,
          -6.2014895320111876e+00, -9.0486322751729475e-01,
          4.3569038200054084e+00, 9.3634705204823057e+00,
          1.3947584908926052e+01, 1.8288466251175567e+01,
          2.2190117613816014e+01, 2.5150542912349511e+01,
          2.5716588777619165e+01, 2.4516821467053077e+01,
          2.1069996955046069e+01, 1.6833175211884001e+01,
          1.2279496642848038e+01, 7.5261314408497810e+00,
          2.3666800200525295e+00, -3.0200424688295922e+00,
          -8.3985758150317391e+00, -1.5080760476120755e+01,
          -1.7092824231059382e+01, -1.8237849308941620e+01,
          -1.8595037567090067e+01, -1.8297945417412535e+01,
          -1.8801402408964119e+01, -1.9556057761339495e+01,
          -1.9658502088311636e+01, -1.8971742693426194e+01,
          -1.7325070625287868e+01, -1.3587340103996439e+01,
          -1.0509321957205248e+01, -7.4555249300405499e+00,
          -4.4020972026580552e+00, -9.0227678172865255e-02,
          1.1420150170286036e-01, 7.7542960462484212e-02,
          -1.0939074256225978e-01, -5.3221788549363347e-01,
          -1.0948727481314162e+01, -1.2242833058607154e+01,
          -1.2444581996624231e+01, -1.1543222461890633e+01,
          -1.0762429925702506e+01, -1.0469249688755252e+01,
          -1.2293787064819787e+01, -1.3476108912822163e+01,
          -1.3604930897043305e+01, -1.2603333580126577e+01,
          -1.1832909051489544e+01, -1.1806532357560563e+01,
          1.0104301892018892e+01, 7.5971517018187225e+00,
          5.5581809773594211e+00, 5.2235538100712979e+00,
          5.1911026996587823e+00, 6.9407036931536679e+00,
          9.2534667430535062e+00, 1.2059227915530350e+01,
          1.4421438706201004e+01, 1.5300394303111538e+01,
          1.4844561411757166e+01, 1.2765395737007877e+01,
          7.9880128377805475e+00, 7.1144417431305307e+00,
          7.5878029876939204e+00, 1.1216606065993830e+01,
          1.2266022292237126e+01, 1.1626987174254982e+01,
          2.0755204942489261e+01, 2.0266687327844522e+01,
          1.9856152869906389e+01, 1.8244404387971308e+01,
          1.3753246776167698e+01, 8.2338361205686734e+00,
          3.0782031396216518e+00, -8.4891173491874750e-01,
          -4.4597886530081476e+00, -8.8859136764902835e-01,
          3.1068768290571369e+00, 8.2898952556335246e+00,
          1.3853063238210737e+01, 1.8381074743529311e+01,
          2.0072854016504866e+01, 2.0542629414660400e+01,
          2.1007099094146685e+01, 9.4410987310154085e-02,
          -1.5613761777002966e+00, -2.9318895087454950e+00,
          -4.3329937619777201e+00, -5.6856772955275421e+00,
          -5.5706267957259534e+00, -4.1722720272964526e+00,
          -2.7371451482470355e+00, -1.3437590267640971e+00,
          2.8392649015258392e-01, -4.9723772897800620e+00,
          -7.6662549953449339e+00, -1.0370138124463583e+01,
          -1.2998862196568176e+01, -6.2619706622622955e+00,
          -7.0226023740836432e+00, -7.7097836919095135e+00,
          -6.9997889427304987e+00, -6.2602158322556116e+00,
          -1.0180437266025990e+00, -1.0135428854666431e+00,
          -1.1370583523800515e+00, -1.0259860752527976e+00,
          -1.1961098144202273e+00, -1.0789285047033415e+00,
          -9.0184211668775749e-01, -1.0231926991183919e+00,
          -8.5430881021052374e-01, -8.0908459622073159e-01,
          -9.0411926388561326e-01, -1.0388737926187748e+00,
          -2.5660071897555112e+00, -4.7800054159612904e+00,
          -6.4835879725238836e+00, -8.3587078973901967e+00,
          -6.4306773476693913e+00, -4.7136760306852681e+00,
          -2.5107251049023591e+00, -4.1846538453697271e+00,
          -5.4320069629365104e+00, -6.8391630914563155e+00,
          -5.4424620496228471e+00, -4.1748291304948157e+00,
          -4.6147190491805041e+00, -7.2860208649724489e+00,
          -4.6246029304514842e+00, -4.2978202609846745e+00,
          -6.0121612666025479e+00, -4.2715134527147214e+00 ]
   - !!opencv-matrix
      rows: 198
      cols: 1
      dt: d
      data: [ -1.7474979645306213e+01, -1.6873796766796708e+01,
          -1.5921263978053458e+01, -1.4739492816685313e+01,
          -1.3193879750737937e+01, -1.0906689879454904e+01,
          -7.6319548846858023e+00, -3.3616272845030530e+00,
          1.8781931700152137e+00, 6.8716783642133095e+00,
          1.0603776370652616e+01, 1.3289749122690949e+01,
          1.4931288388181731e+01, 1.5739563780333523e+01,
          1.6175022632285852e+01, 1.6405510157820160e+01,
          1.6323958448491275e+01, -1.4845499131774128e+01,
          -1.3064127424206397e+01, -1.0679147420438667e+01,
          -8.1038114796589689e+00, -5.5799875200635718e+00,
          2.6156953546736088e+00, 5.1583900236845261e+00,
          7.8621255434736597e+00, 1.0517883727759953e+01,
          1.2718571232264507e+01, -1.1598690968677603e+00,
          -9.1149300706448066e-01, -6.5587642606689389e-01,
          -3.9273596050235920e-01, -2.8907336323290003e+00,
          -1.5381098999549663e+00, -1.2719428625213414e-01,
          1.3385919985417247e+00, 2.7158459110733295e+00,
          -1.1675034268516859e+01, -9.9640016762886976e+00,
          -7.6962493513589676e+00, -5.8499434733800681e+00,
          -7.7169606846570087e+00, -9.7916190503669274e+00,
          4.2593985292900109e+00, 5.9491717534239710e+00,
          8.2484173566935723e+00, 1.0206108223334375e+01,
          8.4097326995103625e+00, 6.2814646411024944e+00,
          -4.6996027792512240e+00, -3.6866999037863817e+00,
          -1.9414064540020139e+00, 4.5030383568400356e-01,
          2.8608397929077740e+00, 4.9104100451887751e+00,
          6.3442174324707965e+00, 5.5169602372575852e+00,
          3.8618680026529644e+00, 1.1595508531143692e+00,
          -1.6103007204200950e+00, -3.5520150228176579e+00,
          -1.9066428960392079e+00, 5.9526510071130989e-01,
          3.1723452363536371e+00, 3.4433834899164224e+00,
          8.9136129509571171e-01, -1.7590695879213625e+00,
