%YAML:1.0
description: ";)"
samples:
   - !!opencv-matrix
      rows: 198
      cols: 1
      dt: d
      data: [ -1.9308225242589657e+01, -1.8514463748274331e+01,
          -1.7448095966705555e+01, -1.6398926548476169e+01,
          -1.4986511450011889e+01, -1.2447014230922536e+01,
          -8.7289621135941768e+00, -4.0036438154251472e+00,
          1.3406796206348657e+00, 6.7429784330488909e+00,
          1.1213898278036428e+01, 1.4538168350690176e+01,
          1.6572292540014235e+01, 1.7401407433160205e+01,
          1.7809543865663162e+01, 1.8151437845079787e+01,
          1.8170155857532606e+01, -1.7632987169071054e+01,
          -1.5430478386839965e+01, -1.2293478812630021e+01,
          -8.9225051203726906e+00, -5.6321244403529569e+00,
          2.7218631866069147e+00, 5.9113247094474435e+00,
          9.3353211368311726e+00, 1.2756172081328838e+01,
          1.5546915130870953e+01, -8.9425860973141824e-01,
          -6.2621844191921783e-01, -3.6036350888167418e-01,
          -9.4223661301349335e-02, -3.3741604589163829e+00,
          -1.6530310050593955e+00, 2.1244274351686687e-01,
          2.0695339835069979e+00, 3.7205227287779286e+00,
          -1.3441612110259333e+01, -1.1217187505360689e+01,
          -8.3869441847171906e+00, -5.9601626138372286e+00,
          -8.4114934577736751e+00, -1.1001641723407994e+01,
          4.8548100562803134e+00, 7.0505180991654468e+00,
          9.8830940803520964e+00, 1.2347186032188615e+01,
          1.0007591979048032e+01, 7.3941438204221255e+00,
          -5.6134638153621754e+00, -3.8855679021791203e+00,
          -1.7636872355098103e+00, 4.9883568830034336e-01,
          2.7408588896229769e+00, 4.9834779496406743e+00,
          6.9368823428772499e+00, 5.2828550541000308e+00,
          3.1794006411124345e+00, 7.6807420899563161e-01,
          -1.6237746720303521e+00, -3.8264386682438634e+00,
          -1.7374726650778107e+00, 6.0400930415109144e-01,
          2.9401754222462482e+00, 2.9556848637665682e+00,
          5.8059238749012376e-01, -1.7989081879166391e+00,
          -5.7499703985239128e+00, -3.8220019654589732e-01,
          4.9738012353358121e+00, 1.0070928983394168e+01,
          1.4647794064234548e+01, 1.8723919089048422e+01,
          2.2037794881970466e+01, 2.4010944194655611e+01,
          2.4072595456166006e+01, 2.3339909481894534e+01,
          2.0678973330081600e+01, 1.6836529350038390e+01,
          1.2374733056645422e+01, 7.5230016295045186e+00,
          2.1684292003234424e+00, -3.4635325116424438e+00,
          -9.0809943435223364e+00, -1.3028327832696650e+01,
          -1.5780112755990983e+01, -1.7163807875038522e+01,
          -1.7432569142250063e+01, -1.6957953836159312e+01,
          -1.7445094491790893e+01, -1.8587650115584680e+01,
          -1.8980661719292716e+01, -1.8276287689222915e+01,
          -1.6073279686460651e+01, -1.2927101216673480e+01,
          -9.2847650117039517e+00, -5.6681611775705791e+00,
          -2.0308955061098262e+00, 1.5528381293618365e+00,
          2.1270551921555043e+00, 2.2229942650478871e+00,
          1.8548583032028763e+00, 1.0282403838266414e+00,
          -9.8591459113190290e+00, -1.1586375199864843e+01,
          -1.1804988977865083e+01, -1.0460086253563020e+01,
          -9.7490517616546448e+00, -9.4196212719336039e+00,
          -1.1361252324067525e+01, -1.3069141215444871e+01,
          -1.3254845712570592e+01, -1.1902029056972172e+01,
          -1.1091054346850250e+01, -1.1016843820376220e+01,
          8.6581787286327589e+00, 6.7560972850389893e+00,
          5.5799049436843022e+00, 5.5370108088173886e+00,
          5.2700156526460402e+00, 6.1569832647649267e+00,
          7.7784160520662855e+00, 9.3653929999265166e+00,
          1.0361017586661895e+01, 1.0617290717641934e+01,
          1.0696209967605093e+01, 1.0030557788099756e+01,
          7.7290081991487458e+00, 7.4360187671417135e+00,
          7.3993178354262286e+00, 7.6142960301689815e+00,
          7.6968199343090511e+00, 7.9600470839512525e+00,
          2.1480354635062209e+01, 2.0891181196945613e+01,
          2.0573194220885277e+01, 1.8793543917530105e+01,
          1.3743466913090202e+01, 8.1292518037430330e+00,
          3.4012721867281348e+00, -8.4816044531582435e-01,
          -4.5813076017106811e+00, -8.3465900969512530e-01,
          3.5005280460247294e+00, 8.2793873463340066e+00,
          1.3967127743661507e+01, 1.8994546164546588e+01,
          2.0875816795449694e+01, 2.1266858635736778e+01,
          2.1781468143958499e+01, 1.6987701728008714e-01,
          -1.6961576990515301e+00, -3.0198067552909862e+00,
          -4.3671552410770280e+00, -5.6412414417358985e+00,
          -5.6526219792754722e+00, -4.2795491871074232e+00,
          -2.8279515202574679e+00, -1.4137574430313717e+00,
          3.2161383739032001e-01, -4.9368782841818106e+00,
          -7.9289394987668036e+00, -1.0886992806215178e+01,
          -1.3511218924139495e+01, -6.6323171730155197e+00,
          -7.4416795439582994e+00, -8.0874899821214221e+00,
          -7.4294228112123015e+00, -6.6276751804034326e+00,
          -8.4371835465269962e-01, -1.1733097887886896e+00,
          -1.3920245867556553e+00, -1.2472011784121662e+00,
          -1.2820632495779001e+00, -1.1086626279766918e+00,
          -1.1858945827467506e+00, -1.2730834605447545e+00,
          -9.8311281066113165e-01, -6.2223500714748370e-01,
          -9.4012183332939536e-01, -1.1611798635517330e+00,
          -2.6520545042935755e+00, -4.8942451703905361e+00,
          -6.6576613288706765e+00, -8.4280577883779664e+00,
          -6.6092468886571698e+00, -4.8029813254167406e+00,
          -2.5540316176261739e+00, -3.8457626687736703e+00,
          -5.2425389382790346e+00, -6.7548389239690909e+00,
          -5.2632966017012581e+00, -3.7910168990590707e+00,
          -5.1383057759181101e+00, -7.3071518016184065e+00,
          -5.1502427362417889e+00, -4.4827002590662177e+00,
          -6.2678096134631973e+00, -4.4698478587817032e+00 ]
   - !!opencv-matrix
      rows: 198
      cols: 1
      dt: d
      data: [ -1.9590973604334906e+01, -1.8858327714008354e+01,
          -1.7707158748231326e+01, -1.6295477837801830e+01,
          -1.4340018247545355e+01, -1.1578103463051590e+01,
          -7.9788220691235772e+00, -3.4291435125496350e+00,
          1.8750687199299976e+00, 6.9207096624071012e+00,
          1.1016924652178691e+01, 1.4149220658529604e+01,
          1.6298144492674137e+01, 1.7365444575049658e+01,
          1.7951416431511237e+01, 1.8413950126432479e+01,
          1.8554902665360395e+01, -1.6148201811926985e+01,
          -1.4059821616029852e+01, -1.1381784307829172e+01,
          -8.5396425672163332e+00, -5.7593888725024636e+00,
          2.9353870944345761e+00, 5.8917448913034542e+00,
          9.0028833650261468e+00, 1.2069353275279861e+01,
          1.4630701973688026e+01, -1.3593032609302469e+00,
          -1.0317672064468046e+00, -6.8913053993798190e-01,
          -3.3727795696993812e-01, -3.7652729667140235e+00,
          -2.0334395136451282e+00, -1.5679361954262344e-01,
          1.8204776322356266e+00, 3.5783961713423760e+00,
          -1.2787607303981630e+01, -1.0831353449359808e+01,
          -8.2363165711109811e+00, -6.0660718606810740e+00,
          -8.2416778728733924e+00, -1.0588490634141380e+01,
          4.5135489637306287e+00, 6.5085023552667689e+00,
          9.1685691307877040e+00, 1.1464201087383792e+01,
          9.3297071883947460e+00, 6.8938074017687816e+00,
          -5.4274320596943122e+00, -3.9162792082842781e+00,
          -1.8717979633660062e+00, 4.1373123765579101e-01,
          2.7146044917890833e+00, 5.0001829255048618e+00,
          6.9449116927684180e+00, 5.3508360226887479e+00,
          3.2809551932428738e+00, 8.2432500647441953e-01,
          -1.5968247802681097e+00, -3.7629452880417515e+00,
          -1.6867293346870582e+00, 5.3848005929469300e-01,
          2.7968282877439430e+00, 2.8257320084084174e+00,
          5.3731951760752605e-01, -1.7227718842915307e+00,
